1	1	1.0004
1	35	-0.51439
1	572	-0.48601
2	2	1.0004
2	38	-0.5144
2	291	-0.48601
3	3	2.0008
3	39	-0.4938
3	296	-0.51906
3	651	-0.98793
4	4	2.0058
4	43	-0.47423
4	295	-0.45504
4	660	-1.0766
7	7	2.0008
7	103	-0.4938
7	304	-0.51906
7	633	-0.98793
8	8	2.0014
8	107	-0.47423
8	303	-0.5002
8	642	-1.027
11	11	2.0008
11	167	-0.4938
11	312	-0.51906
11	615	-0.98793
12	12	2.0014
12	171	-0.47423
12	311	-0.5002
12	624	-1.027
15	15	1
15	231	-0.49713
15	601	-0.50289
16	16	2.0034
16	233	-0.46044
16	319	-0.5002
16	606	-1.0428
19	19	2.0033
19	320	-0.51378
19	577	-0.54006
19	659	-0.9495
20	20	2.0016
20	324	-0.49342
20	576	-0.47346
20	668	-1.0347
23	23	2.0033
23	384	-0.51378
23	585	-0.54006
23	641	-0.9495
24	24	2.0009
24	388	-0.49342
24	584	-0.52045
24	650	-0.98702
27	27	2.0033
27	448	-0.51378
27	593	-0.54006
27	623	-0.9495
28	28	2.0009
28	452	-0.49342
28	592	-0.52045
28	632	-0.98702
31	31	1
31	512	-0.49738
31	605	-0.50263
32	32	2.0017
32	514	-0.47908
32	600	-0.52045
32	614	-1.0022
35	1	-0.51439
35	35	1.9041
35	36	-0.31205
35	572	-0.22393
35	1333	-0.85377
36	35	-0.31205
36	36	1.7403
36	37	-0.24008
36	1331	-0.66567
36	1333	-0.52247
37	36	-0.24008
37	37	1.741
37	38	-0.31425
37	1331	-0.66917
37	1332	-0.51745
38	2	-0.5144
38	37	-0.31425
38	38	1.9032
38	291	-0.22372
38	1332	-0.85084
39	3	-0.4938
39	39	1.9263
39	40	-0.28669
39	651	-0.20357
39	1290	-0.94225
40	39	-0.28669
40	40	2.1232
40	41	0.21616
40	1290	-0.62514
40	1295	-0.46229
40	1305	-0.96519
41	40	0.21616
41	41	2.4649
41	42	0.13462
41	1305	-1.412
41	1308	-1.4038
42	41	0.13462
42	42	2.0571
42	43	-0.28771
42	1292	-0.61528
42	1294	-0.57174
42	1308	-0.71695
43	4	-0.47423
43	42	-0.28771
43	43	1.932
43	660	-0.19726
43	1292	-0.97278
103	7	-0.4938
103	103	1.9263
103	104	-0.28672
103	633	-0.20355
103	1237	-0.94227
104	103	-0.28672
104	104	2.1231
104	105	0.21616
104	1237	-0.62508
104	1242	-0.46232
104	1252	-0.9652
105	104	0.21616
105	105	2.4649
105	106	0.13462
105	1252	-1.412
105	1255	-1.4038
106	105	0.13462
106	106	2.0571
106	107	-0.28768
106	1239	-0.61535
106	1241	-0.5717
106	1255	-0.71697
107	8	-0.47423
107	106	-0.28768
107	107	1.932
107	642	-0.19728
107	1239	-0.97276
167	11	-0.4938
167	167	1.9263
167	168	-0.28672
167	615	-0.20355
167	1184	-0.94227
168	167	-0.28672
168	168	2.1232
168	169	0.21617
168	1184	-0.62508
168	1189	-0.46229
168	1199	-0.96524
169	168	0.21617
169	169	2.4649
169	170	0.13461
169	1199	-1.4119
169	1202	-1.4038
170	169	0.13461
170	170	2.0571
170	171	-0.28768
170	1186	-0.61534
170	1188	-0.57171
170	1202	-0.71694
171	12	-0.47423
171	170	-0.28768
171	171	1.932
171	624	-0.19728
171	1186	-0.97276
231	15	-0.49713
231	231	2.0765
231	232	0.18308
231	601	-0.21127
231	1147	-0.63225
231	1149	-0.91898
232	231	0.18308
232	232	2.3173
232	233	-0.2757
232	1141	-0.57371
232	1143	-0.27492
232	1149	-1.3761
233	16	-0.46044
233	232	-0.2757
233	233	1.9479
233	606	-0.19401
233	1141	-1.0178
291	2	-0.48601
291	38	-0.22372
291	291	1.7925
291	292	-0.41722
291	1329	-0.41419
291	1332	-0.2514
292	291	-0.41722
292	292	1.7737
292	293	-0.18754
292	1325	-0.58314
292	1329	-0.58585
293	292	-0.18754
293	293	1.9752
293	294	0.19054
293	1318	-0.4489
293	1320	-0.92951
293	1325	-0.59975
294	293	0.19054
294	294	2.3583
294	295	-0.27133
294	1312	-0.56375
294	1314	-0.28055
294	1320	-1.4332
295	4	-0.45504
295	294	-0.27133
295	295	1.9546
295	660	-0.193
295	1312	-1.0353
296	3	-0.51906
296	296	1.9208
296	297	-0.24623
296	651	-0.20017
296	1259	-0.95533
297	296	-0.24623
297	297	2.3159
297	298	0.45704
297	1259	-0.57179
297	1264	-0.63458
297	1265	-1.3204
298	297	0.45704
298	298	3.0307
298	299	-0.35467
298	1265	-1.6608
298	1274	-1.4723
299	298	-0.35467
299	299	1.8047
299	300	-0.44573
299	1274	-0.18009
299	1280	-0.29815
299	1288	-0.5261
300	299	-0.44573
300	300	1.8127
300	301	-0.37866
300	1272	-0.16073
300	1279	-0.27167
300	1288	-0.55587
301	300	-0.37866
301	301	2.9778
301	302	0.44018
301	1269	-1.5658
301	1272	-1.4735
302	301	0.44018
302	302	2.3284
302	303	-0.24531
302	1260	-0.55511
302	1268	-0.62494
302	1269	-1.3432
303	8	-0.5002
303	302	-0.24531
303	303	1.9243
303	642	-0.19675
303	1260	-0.98204
304	7	-0.51906
304	304	1.9208
304	305	-0.24621
304	633	-0.2002
304	1206	-0.9553
305	304	-0.24621
305	305	2.3159
305	306	0.45705
305	1206	-0.57185
305	1211	-0.63458
305	1212	-1.3203
306	305	0.45705
306	306	3.0308
306	307	-0.35466
306	1212	-1.6608
306	1221	-1.4724
307	306	-0.35466
307	307	1.8045
307	308	-0.44494
307	1221	-0.17994
307	1227	-0.29794
307	1234	-0.52702
308	307	-0.44494
308	308	1.8124
308	309	-0.37865
308	1219	-0.16059
308	1226	-0.27144
308	1234	-0.55683
309	308	-0.37865
309	309	2.9778
309	310	0.44022
309	1216	-1.5659
309	1219	-1.4735
310	309	0.44022
310	310	2.3284
310	311	-0.24531
310	1207	-0.55513
310	1215	-0.62496
310	1216	-1.3432
311	12	-0.5002
311	310	-0.24531
311	311	1.9243
311	624	-0.19675
311	1207	-0.98204
312	11	-0.51906
312	312	1.9208
312	313	-0.24621
312	615	-0.2002
312	1153	-0.9553
313	312	-0.24621
313	313	2.3159
313	314	0.45705
313	1153	-0.57185
313	1158	-0.63458
313	1159	-1.3203
314	313	0.45705
314	314	3.0307
314	315	-0.35466
314	1159	-1.6608
314	1168	-1.4723
315	314	-0.35466
315	315	1.8047
315	316	-0.44573
315	1168	-0.1801
315	1174	-0.29814
315	1181	-0.5261
316	315	-0.44573
316	316	1.8127
316	317	-0.37864
316	1166	-0.16076
316	1173	-0.27166
316	1181	-0.55587
317	316	-0.37864
317	317	2.9779
317	318	0.44023
317	1163	-1.566
317	1166	-1.4735
318	317	0.44023
318	318	2.3284
318	319	-0.24529
318	1154	-0.55517
318	1162	-0.62495
318	1163	-1.3432
319	16	-0.5002
319	318	-0.24529
319	319	1.9243
319	606	-0.19678
319	1154	-0.98201
320	19	-0.51378
320	320	1.939
320	321	-0.22924
320	659	-0.19865
320	1291	-0.9973
321	320	-0.22924
321	321	2.4185
321	322	0.43487
321	1291	-0.56445
321	1298	-0.612
321	1299	-1.4477
322	321	0.43487
322	322	2.3121
322	323	0.1697
322	1299	-1.557
322	1304	-0.22881
322	1306	-0.14406
322	1309	-0.9867
323	322	0.1697
323	323	2.2468
323	324	-0.2913
323	1293	-0.61951
323	1300	-0.24562
323	1309	-1.26
324	20	-0.49342
324	323	-0.2913
324	324	1.9293
324	668	-0.1938
324	1293	-0.9508
384	23	-0.51378
384	384	1.939
384	385	-0.22926
384	641	-0.19862
384	1238	-0.99732
385	384	-0.22926
385	385	2.4185
385	386	0.43488
385	1238	-0.56442
385	1245	-0.61207
385	1246	-1.4476
386	385	0.43488
386	386	2.3121
386	387	0.16968
386	1246	-1.5571
386	1251	-0.22885
386	1253	-0.14402
386	1256	-0.98667
387	386	0.16968
387	387	2.2468
387	388	-0.2913
387	1240	-0.61953
387	1247	-0.24559
387	1256	-1.26
388	24	-0.49342
388	387	-0.2913
388	388	1.9293
388	650	-0.1938
388	1240	-0.9508
448	27	-0.51378
448	448	1.939
448	449	-0.22924
448	623	-0.19865
448	1185	-0.9973
449	448	-0.22924
449	449	2.4185
449	450	0.43489
449	1185	-0.56448
449	1192	-0.61206
449	1193	-1.4476
450	449	0.43489
450	450	2.3121
450	451	0.16967
450	1193	-1.5571
450	1198	-0.22883
450	1200	-0.14402
450	1203	-0.98667
451	450	0.16967
451	451	2.2467
451	452	-0.2913
451	1187	-0.61953
451	1194	-0.24559
451	1203	-1.26
452	28	-0.49342
452	451	-0.2913
452	452	1.9293
452	632	-0.1938
452	1187	-0.9508
512	31	-0.49738
512	512	2.0799
512	513	0.18638
512	605	-0.19659
512	1148	-0.62864
512	1150	-0.94363
513	512	0.18638
513	513	2.2993
513	514	-0.27882
513	1142	-0.59213
513	1145	-0.27716
513	1150	-1.3376
514	32	-0.47908
514	513	-0.27882
514	514	1.9426
514	614	-0.19202
514	1142	-0.99269
572	1	-0.48601
572	35	-0.22393
572	572	1.7923
572	573	-0.40979
572	1328	-0.43526
572	1333	-0.23728
573	572	-0.40979
573	573	1.7745
573	574	-0.17886
573	1324	-0.62123
573	1328	-0.56467
574	573	-0.17886
574	574	1.982
574	575	0.19491
574	1319	-0.47521
574	1321	-0.94608
574	1324	-0.57681
575	574	0.19491
575	575	2.3388
575	576	-0.27421
575	1313	-0.58136
575	1316	-0.28472
575	1321	-1.3934
576	20	-0.47346
576	575	-0.27421
576	576	1.9486
576	668	-0.19114
576	1313	-1.0098
577	19	-0.54006
577	577	1.9228
577	578	-0.25141
577	659	-0.19292
577	1261	-0.93837
578	577	-0.25141
578	578	2.337
578	579	0.46772
578	1261	-0.57279
578	1263	-0.61516
578	1267	-1.3653
579	578	0.46772
579	579	3.0227
579	580	-0.34878
579	1267	-1.6429
579	1271	-1.4988
580	579	-0.34878
580	580	1.8007
580	581	-0.44675
580	1271	-0.17926
580	1282	-0.30848
580	1287	-0.5174
581	580	-0.44675
581	581	1.8097
581	582	-0.3692
581	1273	-0.17313
581	1281	-0.26913
581	1287	-0.55146
582	581	-0.3692
582	582	2.9791
582	583	0.44815
582	1270	-1.5985
582	1273	-1.4596
583	582	0.44815
583	583	2.3277
583	584	-0.25016
583	1262	-0.56321
583	1266	-0.61843
583	1270	-1.344
584	24	-0.52045
584	583	-0.25016
584	584	1.9244
584	650	-0.19064
584	1262	-0.96315
585	23	-0.54006
585	585	1.9228
585	586	-0.25143
585	641	-0.19288
585	1208	-0.9384
586	585	-0.25143
586	586	2.3369
586	587	0.46768
586	1208	-0.57272
586	1210	-0.61517
586	1214	-1.3653
587	586	0.46768
587	587	3.0227
587	588	-0.34881
587	1214	-1.6428
587	1218	-1.4988
588	587	-0.34881
588	588	1.8004
588	589	-0.44601
588	1218	-0.17908
588	1229	-0.30829
588	1235	-0.51825
589	588	-0.44601
589	589	1.8095
589	590	-0.36917
589	1220	-0.17302
589	1228	-0.26891
589	1235	-0.55235
590	589	-0.36917
590	590	2.9792
590	591	0.4482
590	1217	-1.5986
590	1220	-1.4597
591	590	0.4482
591	591	2.3277
591	592	-0.25014
591	1209	-0.56329
591	1213	-0.61843
591	1217	-1.344
592	28	-0.52045
592	591	-0.25014
592	592	1.9244
592	632	-0.19068
592	1209	-0.96313
593	27	-0.54006
593	593	1.9228
593	594	-0.25141
593	623	-0.19292
593	1155	-0.93837
594	593	-0.25141
594	594	2.3369
594	595	0.46768
594	1155	-0.57277
594	1157	-0.61514
594	1161	-1.3653
595	594	0.46768
595	595	3.0226
595	596	-0.3488
595	1161	-1.6428
595	1165	-1.4987
596	595	-0.3488
596	596	1.8007
596	597	-0.44675
596	1165	-0.17924
596	1176	-0.30848
596	1182	-0.5174
597	596	-0.44675
597	597	1.8097
597	598	-0.36918
597	1167	-0.17316
597	1175	-0.26912
597	1182	-0.55146
598	597	-0.36918
598	598	2.9791
598	599	0.44816
598	1164	-1.5985
598	1167	-1.4596
599	598	0.44816
599	599	2.3277
599	600	-0.25014
599	1156	-0.56326
599	1160	-0.61843
599	1164	-1.344
600	32	-0.52045
600	599	-0.25014
600	600	1.9244
600	614	-0.19068
600	1156	-0.96313
601	15	-0.50289
601	231	-0.21127
601	601	1.7535
601	602	-0.19864
601	1147	-0.38414
601	1151	-0.45657
602	601	-0.19864
602	602	2.3175
602	603	-0.65215
602	1151	-1.4668
603	602	-0.65215
603	603	2.0544
603	604	-0.63672
603	609	-0.028454
603	610	-0.78973
603	611	-0.045039
603	1151	0.052576
603	1152	0.04516
604	603	-0.63672
604	604	2.3169
604	605	-0.19518
604	1152	-1.485
605	31	-0.50263
605	512	-0.19659
605	604	-0.19518
605	605	1.7532
605	1148	-0.41747
605	1152	-0.44135
606	16	-1.0428
606	233	-0.19401
606	319	-0.19678
606	606	3.8571
606	607	-0.53688
606	1141	-0.94971
606	1154	-0.93695
607	606	-0.53688
607	607	4.6083
607	608	0.57732
607	1141	-0.5851
607	1143	-0.58895
607	1144	-1.3928
607	1154	-0.64395
607	1162	-0.19577
607	1170	-1.2422
608	607	0.57732
608	608	4.5026
608	609	-0.34278
608	1144	-1.6521
608	1147	-0.71769
608	1151	-0.3583
608	1166	-0.36787
608	1170	-1.1246
608	1173	-0.51656
609	603	-0.028454
609	608	-0.34278
609	609	4.1079
609	610	-0.93452
609	1151	-1.5431
609	1173	-0.68342
609	1177	-0.57559
610	603	-0.78973
610	609	-0.93452
610	610	3.7925
610	611	-0.9283
610	1177	-0.58162
610	1179	-0.55835
611	603	-0.045039
611	610	-0.9283
611	611	4.0616
611	612	-0.34959
611	1152	-1.4935
611	1175	-0.65209
611	1179	-0.59298
612	611	-0.34959
612	612	4.4438
612	613	0.55636
612	1146	-1.619
612	1148	-0.67147
612	1152	-0.37652
612	1167	-0.34782
612	1172	-1.1012
612	1175	-0.53455
613	612	0.55636
613	613	4.6008
613	614	-0.5353
613	1142	-0.57638
613	1145	-0.59238
613	1146	-1.3628
613	1156	-0.61957
613	1160	-0.20308
613	1172	-1.2676
614	32	-1.0022
614	514	-0.19202
614	600	-0.19068
614	613	-0.5353
614	614	3.8645
614	1142	-0.97552
614	1156	-0.96875
615	11	-0.98793
615	167	-0.20355
615	312	-0.2002
615	615	3.86
615	616	-0.52332
615	1153	-0.9568
615	1184	-0.98819
616	615	-0.52332
616	616	4.6068
616	617	0.55101
616	1153	-0.63326
616	1158	-0.19359
616	1169	-1.2642
616	1184	-0.59039
616	1189	-0.57036
616	1190	-1.3827
617	616	0.55101
617	617	4.4685
617	618	-0.43251
617	1168	-0.36317
617	1169	-1.106
617	1174	-0.52497
617	1190	-1.6209
617	1196	-0.6245
617	1204	-0.34754
618	617	-0.43251
618	618	3.7105
618	619	-0.94581
618	627	-0.32954
618	1174	-0.67809
618	1178	-0.56173
618	1204	-0.76278
619	618	-0.94581
619	619	3.7954
619	620	-0.9528
619	628	-0.78973
619	1178	-0.5715
619	1180	-0.53555
620	619	-0.9528
620	620	3.7593
620	621	-0.36219
620	629	-0.31777
620	1176	-0.63194
620	1180	-0.58568
620	1205	-0.90895
621	620	-0.36219
621	621	4.0667
621	622	0.30051
621	1165	-0.33392
621	1171	-1.0847
621	1176	-0.54768
621	1198	-0.51586
621	1201	-0.99549
621	1205	-0.52733
622	621	0.30051
622	622	4.4847
622	623	-0.58442
622	1155	-0.6041
622	1157	-0.19992
622	1171	-1.3
622	1185	-0.62065
622	1192	-0.23946
622	1201	-1.2367
623	27	-0.9495
623	448	-0.19865
623	593	-0.19292
623	622	-0.58442
623	623	3.86
623	1155	-0.99078
623	1185	-0.9437
624	12	-1.027
624	171	-0.19728
624	311	-0.19675
624	624	3.8583
624	625	-0.53054
624	1186	-0.96973
624	1207	-0.93704
625	624	-0.53054
625	625	4.6454
625	626	0.60744
625	1186	-0.59412
625	1188	-0.58538
625	1191	-1.4609
625	1207	-0.64401
625	1215	-0.19577
625	1223	-1.2422
626	625	0.60744
626	626	4.4519
626	627	-0.3029
626	1191	-1.5378
626	1197	-0.70116
626	1204	-0.50848
626	1219	-0.36769
626	1223	-1.1247
626	1226	-0.51668
627	618	-0.32954
627	626	-0.3029
627	627	3.7932
627	628	-0.92929
627	1204	-0.97253
627	1226	-0.68307
627	1230	-0.57584
628	619	-0.78973
628	627	-0.92929
628	628	3.7924
628	629	-0.93351
628	1230	-0.58151
628	1232	-0.55837
629	620	-0.31777
629	628	-0.93351
629	629	3.7396
629	630	-0.3825
629	1205	-0.86092
629	1228	-0.6519
629	1232	-0.59304
630	629	-0.3825
630	630	4.4087
630	631	0.563
630	1195	-1.5758
630	1200	-0.58307
630	1205	-0.44682
630	1220	-0.34764
630	1225	-1.1012
630	1228	-0.53464
631	630	0.563
631	631	4.6218
631	632	-0.52915
631	1187	-0.5614
631	1194	-0.6081
631	1195	-1.3959
631	1209	-0.61963
631	1213	-0.20303
631	1225	-1.2676
632	28	-0.98702
632	452	-0.1938
632	592	-0.19068
632	631	-0.52915
632	632	3.8679
632	1187	-0.99848
632	1209	-0.96875
633	7	-0.98793
633	103	-0.20355
633	304	-0.2002
633	633	3.86
633	634	-0.52332
633	1206	-0.9568
633	1237	-0.98819
634	633	-0.52332
634	634	4.6069
634	635	0.55105
634	1206	-0.63326
634	1211	-0.19359
634	1222	-1.2642
634	1237	-0.59044
634	1242	-0.57027
634	1243	-1.3828
635	634	0.55105
635	635	4.4685
635	636	-0.43256
635	1221	-0.36297
635	1222	-1.106
635	1227	-0.52508
635	1243	-1.6209
635	1249	-0.62451
635	1257	-0.34753
636	635	-0.43256
636	636	3.7104
636	637	-0.94587
636	645	-0.32955
636	1227	-0.67778
636	1231	-0.56191
636	1257	-0.76276
637	636	-0.94587
637	637	3.7954
637	638	-0.95292
637	646	-0.78973
637	1231	-0.57135
637	1233	-0.53554
638	637	-0.95292
638	638	3.7593
638	639	-0.36224
638	647	-0.31777
638	1229	-0.63184
638	1233	-0.58561
638	1258	-0.90897
639	638	-0.36224
639	639	4.0667
639	640	0.3005
639	1218	-0.33379
639	1224	-1.0847
639	1229	-0.54773
639	1251	-0.51584
639	1254	-0.99549
639	1258	-0.52736
640	639	0.3005
640	640	4.4846
640	641	-0.58437
640	1208	-0.60413
640	1210	-0.19993
640	1224	-1.2999
640	1238	-0.62065
640	1245	-0.23949
640	1254	-1.2366
641	23	-0.9495
641	384	-0.19862
641	585	-0.19288
641	640	-0.58437
641	641	3.86
641	1208	-0.99087
641	1238	-0.94378
642	8	-1.027
642	107	-0.19728
642	303	-0.19675
642	642	3.8583
642	643	-0.53054
642	1239	-0.96973
642	1260	-0.93704
643	642	-0.53054
643	643	4.6455
643	644	0.60745
643	1239	-0.5941
643	1241	-0.58538
643	1244	-1.461
643	1260	-0.64398
643	1268	-0.19579
643	1276	-1.2422
644	643	0.60745
644	644	4.4519
644	645	-0.30286
644	1244	-1.5377
644	1250	-0.70116
644	1257	-0.50851
644	1272	-0.36789
644	1276	-1.1247
644	1279	-0.51655
645	636	-0.32955
645	644	-0.30286
645	645	3.7932
645	646	-0.92925
645	1257	-0.97252
645	1279	-0.68342
645	1283	-0.5756
646	637	-0.78973
646	645	-0.92925
646	646	3.7924
646	647	-0.93343
646	1283	-0.58163
646	1285	-0.55834
647	638	-0.31777
647	646	-0.93343
647	647	3.7396
647	648	-0.38247
647	1258	-0.8609
647	1281	-0.65208
647	1285	-0.59299
648	647	-0.38247
648	648	4.4088
648	649	0.56307
648	1248	-1.5759
648	1253	-0.58309
648	1258	-0.4468
648	1273	-0.34784
648	1278	-1.1012
648	1281	-0.53455
649	648	0.56307
649	649	4.6218
649	650	-0.52912
649	1240	-0.5614
649	1247	-0.60811
649	1248	-1.3959
649	1262	-0.6196
649	1266	-0.20308
649	1278	-1.2677
650	24	-0.98702
650	388	-0.1938
650	584	-0.19064
650	649	-0.52912
650	650	3.8679
650	1240	-0.99848
650	1262	-0.96883
651	3	-0.98793
651	39	-0.20357
651	296	-0.20017
651	651	3.86
651	652	-0.52332
651	1259	-0.95689
651	1290	-0.9881
652	651	-0.52332
652	652	4.6069
652	653	0.55106
652	1259	-0.63325
652	1264	-0.19362
652	1275	-1.2642
652	1290	-0.59038
652	1295	-0.57031
652	1296	-1.3828
653	652	0.55106
653	653	4.4685
653	654	-0.43251
653	1274	-0.36316
653	1275	-1.106
653	1280	-0.52499
653	1296	-1.6209
653	1302	-0.62451
653	1310	-0.34753
654	653	-0.43251
654	654	3.7105
654	655	-0.94581
654	663	-0.32955
654	1280	-0.67809
654	1284	-0.56174
654	1310	-0.76276
655	654	-0.94581
655	655	3.7954
655	656	-0.9528
655	664	-0.78973
655	1284	-0.57151
655	1286	-0.53555
656	655	-0.9528
656	656	3.7593
656	657	-0.36219
656	665	-0.31775
656	1282	-0.63194
656	1286	-0.58568
656	1311	-0.90899
657	656	-0.36219
657	657	4.0667
657	658	0.30052
657	1271	-0.33386
657	1277	-1.0847
657	1282	-0.5477
657	1304	-0.51594
657	1307	-0.99546
657	1311	-0.52731
658	657	0.30052
658	658	4.4846
658	659	-0.58442
658	1261	-0.60413
658	1263	-0.1999
658	1277	-1.2999
658	1291	-0.62056
658	1298	-0.23954
658	1307	-1.2367
659	19	-0.9495
659	320	-0.19865
659	577	-0.19292
659	658	-0.58442
659	659	3.86
659	1261	-0.99078
659	1291	-0.9437
660	4	-1.0766
660	43	-0.19726
660	295	-0.193
660	660	3.8623
660	661	-0.48438
660	1292	-0.96982
660	1312	-0.94132
661	660	-0.48438
661	661	4.7964
661	662	0.91327
661	1292	-0.59416
661	1294	-0.58534
661	1297	-1.4611
661	1312	-0.58468
661	1314	-0.59074
661	1315	-1.4093
662	661	0.91327
662	662	4.7759
662	663	-0.10781
662	1297	-1.5378
662	1303	-0.70115
662	1310	-0.50851
662	1315	-1.6273
662	1318	-0.58511
662	1322	-0.62151
663	654	-0.32955
663	662	-0.10781
663	663	3.9783
663	664	-0.93722
663	1310	-0.97252
663	1322	-1.1311
663	1326	-0.50012
664	655	-0.78973
664	663	-0.93722
664	664	3.8062
664	665	-0.94323
664	1326	-0.57738
664	1327	-0.55861
665	656	-0.31775
665	664	-0.94323
665	665	3.9071
665	666	-0.19154
665	1311	-0.86096
665	1323	-1.0872
665	1327	-0.50646
666	665	-0.19154
666	666	4.7166
666	667	0.84776
666	1301	-1.5757
666	1306	-0.58304
666	1311	-0.44682
666	1317	-1.5985
666	1319	-0.5381
666	1323	-0.63068
667	666	0.84776
667	667	4.7436
667	668	-0.48223
667	1293	-0.56137
667	1300	-0.60815
667	1301	-1.3957
667	1313	-0.57677
667	1316	-0.59242
667	1317	-1.3747
668	20	-1.0347
668	324	-0.1938
668	576	-0.19114
668	667	-0.48223
668	668	3.8672
668	1293	-0.99848
668	1313	-0.96684
1141	232	-0.57371
1141	233	-1.0178
1141	606	-0.94971
1141	607	-0.5851
1141	1141	3.9554
1141	1143	-0.82915
1142	513	-0.59213
1142	514	-0.99269
1142	613	-0.57638
1142	614	-0.97552
1142	1142	3.9537
1142	1145	-0.81701
1143	232	-0.27492
1143	607	-0.58895
1143	1141	-0.82915
1143	1143	4.2064
1143	1144	-1.2925
1143	1147	-0.029023
1143	1149	-1.1918
1144	607	-1.3928
1144	608	-1.6521
1144	1143	-1.2925
1144	1144	5.0015
1144	1147	-0.66409
1145	513	-0.27716
1145	613	-0.59238
1145	1142	-0.81701
1145	1145	4.2146
1145	1146	-1.2858
1145	1148	-0.021802
1145	1150	-1.2205
1146	612	-1.619
1146	613	-1.3628
1146	1145	-1.2858
1146	1146	4.9552
1146	1148	-0.68759
1147	231	-0.63225
1147	601	-0.38414
1147	608	-0.71769
1147	1143	-0.029023
1147	1144	-0.66409
1147	1147	4.1251
1147	1149	-1.063
1147	1151	-0.63495
1148	512	-0.62864
1148	605	-0.41747
1148	612	-0.67147
1148	1145	-0.021802
1148	1146	-0.68759
1148	1148	4.083
1148	1150	-1.0293
1148	1152	-0.62675
1149	231	-0.91898
1149	232	-1.3761
1149	1143	-1.1918
1149	1147	-1.063
1149	1149	4.5498
1150	512	-0.94363
1150	513	-1.3376
1150	1145	-1.2205
1150	1148	-1.0293
1150	1150	4.531
1151	601	-0.45657
1151	602	-1.4668
1151	603	0.052576
1151	608	-0.3583
1151	609	-1.5431
1151	1147	-0.63495
1151	1151	4.4071
1152	603	0.04516
1152	604	-1.485
1152	605	-0.44135
1152	611	-1.4935
1152	612	-0.37652
1152	1148	-0.62675
1152	1152	4.378
1153	312	-0.9553
1153	313	-0.57185
1153	615	-0.9568
1153	616	-0.63326
1153	1153	3.9555
1153	1158	-0.83827
1154	318	-0.55517
1154	319	-0.98201
1154	606	-0.93695
1154	607	-0.64395
1154	1154	3.9554
1154	1162	-0.83728
1155	593	-0.93837
1155	594	-0.57277
1155	622	-0.6041
1155	623	-0.99078
1155	1155	3.9589
1155	1157	-0.85283
1156	599	-0.56326
1156	600	-0.96313
1156	613	-0.61957
1156	614	-0.96875
1156	1156	3.9573
1156	1160	-0.84257
1157	594	-0.61514
1157	622	-0.19992
1157	1155	-0.85283
1157	1157	4.1615
1157	1161	-1.2189
1157	1165	-0.074713
1157	1171	-1.2
1158	313	-0.63458
1158	616	-0.19359
1158	1153	-0.83827
1158	1158	4.1685
1158	1159	-1.1956
1158	1168	-0.071659
1158	1169	-1.2348
1159	313	-1.3203
1159	314	-1.6608
1159	1158	-1.1956
1159	1159	4.8982
1159	1168	-0.72145
1160	599	-0.61843
1160	613	-0.20308
1160	1156	-0.84257
1160	1160	4.1667
1160	1164	-1.2123
1160	1167	-0.06772
1160	1172	-1.2225
1161	594	-1.3653
1161	595	-1.6428
1161	1157	-1.2189
1161	1161	4.9306
1161	1165	-0.70358
1162	318	-0.62495
1162	607	-0.19577
1162	1154	-0.83728
1162	1162	4.1758
1162	1163	-1.2025
1162	1166	-0.066022
1162	1170	-1.2492
1163	317	-1.566
1163	318	-1.3432
1163	1162	-1.2025
1163	1163	4.8592
1163	1166	-0.74748
1164	598	-1.5985
1164	599	-1.344
1164	1160	-1.2123
1164	1164	4.8823
1164	1167	-0.72743
1165	595	-1.4987
1165	596	-0.17924
1165	621	-0.33392
1165	1157	-0.074713
1165	1161	-0.70358
1165	1165	4.827
1165	1171	-1.0227
1165	1176	-1.0141
1166	316	-0.16076
1166	317	-1.4735
1166	608	-0.36787
1166	1162	-0.066022
1166	1163	-0.74748
1166	1166	4.8333
1166	1170	-0.9619
1166	1173	-1.0558
1167	597	-0.17316
1167	598	-1.4596
1167	612	-0.34782
1167	1160	-0.06772
1167	1164	-0.72743
1167	1167	4.8134
1167	1172	-0.99326
1167	1175	-1.0444
1168	314	-1.4723
1168	315	-0.1801
1168	617	-0.36317
1168	1158	-0.071659
1168	1159	-0.72145
1168	1168	4.82
1168	1169	-0.98143
1168	1174	-1.0299
1169	616	-1.2642
1169	617	-1.106
1169	1158	-1.2348
1169	1168	-0.98143
1169	1169	4.5863
1170	607	-1.2422
1170	608	-1.1246
1170	1162	-1.2492
1170	1166	-0.9619
1170	1170	4.578
1171	621	-1.0847
1171	622	-1.3
1171	1157	-1.2
1171	1165	-1.0227
1171	1171	4.6074
1172	612	-1.1012
1172	613	-1.2676
1172	1160	-1.2225
1172	1167	-0.99326
1172	1172	4.5846
1173	316	-0.27166
1173	608	-0.51656
1173	609	-0.68342
1173	1166	-1.0558
1173	1173	3.7774
1173	1177	-0.70123
1173	1181	-0.54875
1174	315	-0.29814
1174	617	-0.52497
1174	618	-0.67809
1174	1168	-1.0299
1174	1174	3.7585
1174	1178	-0.69434
1174	1181	-0.53304
1175	597	-0.26912
1175	611	-0.65209
1175	612	-0.53455
1175	1167	-1.0444
1175	1175	3.7656
1175	1179	-0.70047
1175	1182	-0.56496
1176	596	-0.30848
1176	620	-0.63194
1176	621	-0.54768
1176	1165	-1.0141
1176	1176	3.7404
1176	1180	-0.69377
1176	1182	-0.54435
1177	609	-0.57559
1177	610	-0.58162
1177	1173	-0.70123
1177	1177	3.5492
1177	1179	-0.51675
1177	1181	-0.4168
1177	1183	-0.75719
1178	618	-0.56173
1178	619	-0.5715
1178	1174	-0.69434
1178	1178	3.5273
1178	1180	-0.56553
1178	1181	-0.46085
1178	1183	-0.67339
1179	610	-0.55835
1179	611	-0.59298
1179	1175	-0.70047
1179	1177	-0.51675
1179	1179	3.5504
1179	1182	-0.41347
1179	1183	-0.76836
1180	619	-0.53555
1180	620	-0.58568
1180	1176	-0.69377
1180	1178	-0.56553
1180	1180	3.5259
1180	1182	-0.46532
1180	1183	-0.68001
1181	315	-0.5261
1181	316	-0.55587
1181	1173	-0.54875
1181	1174	-0.53304
1181	1177	-0.4168
1181	1178	-0.46085
1181	1181	3.4018
1181	1183	-0.36038
1182	596	-0.5174
1182	597	-0.55146
1182	1175	-0.56496
1182	1176	-0.54435
1182	1179	-0.41347
1182	1180	-0.46532
1182	1182	3.4045
1182	1183	-0.34749
1183	1177	-0.75719
1183	1178	-0.67339
1183	1179	-0.76836
1183	1180	-0.68001
1183	1181	-0.36038
1183	1182	-0.34749
1183	1183	3.5868
1184	167	-0.94227
1184	168	-0.62508
1184	615	-0.98819
1184	616	-0.59039
1184	1184	3.9438
1184	1189	-0.79784
1185	448	-0.9973
1185	449	-0.56448
1185	622	-0.62065
1185	623	-0.9437
1185	1185	3.9487
1185	1192	-0.8226
1186	170	-0.61534
1186	171	-0.97276
1186	624	-0.96973
1186	625	-0.59412
1186	1186	3.9531
1186	1188	-0.80117
1187	451	-0.61953
1187	452	-0.9508
1187	631	-0.5614
1187	632	-0.99848
1187	1187	3.9512
1187	1194	-0.82097
1188	170	-0.57171
1188	625	-0.58538
1188	1186	-0.80117
1188	1188	3.9464
1188	1191	-1.1549
1188	1197	-0.19102
1188	1202	-0.64224
1189	168	-0.46229
1189	616	-0.57036
1189	1184	-0.79784
1189	1189	4.0597
1189	1190	-1.2859
1189	1196	-0.093891
1189	1199	-0.84942
1190	616	-1.3827
1190	617	-1.6209
1190	1189	-1.2859
1190	1190	4.9659
1190	1196	-0.67636
1191	625	-1.4609
1191	626	-1.5378
1191	1188	-1.1549
1191	1191	4.9135
1191	1197	-0.7599
1192	449	-0.61206
1192	622	-0.23946
1192	1185	-0.8226
1192	1192	4.1034
1192	1193	-1.1602
1192	1198	-0.073479
1192	1201	-1.1956
1193	449	-1.4476
1193	450	-1.5571
1193	1192	-1.1602
1193	1193	4.943
1193	1198	-0.77804
1194	451	-0.24559
1194	631	-0.6081
1194	1187	-0.82097
1194	1194	4.1028
1194	1195	-1.1726
1194	1200	-0.071268
1194	1203	-1.1842
1195	630	-1.5758
1195	631	-1.3959
1195	1194	-1.1726
1195	1195	4.9089
1195	1200	-0.76459
1196	617	-0.6245
1196	1189	-0.093891
1196	1190	-0.67636
1196	1196	3.9443
1196	1197	-0.58357
1196	1199	-1.1147
1196	1202	-0.27168
1196	1204	-0.57955
1197	626	-0.70116
1197	1188	-0.19102
1197	1191	-0.7599
1197	1196	-0.58357
1197	1197	3.9304
1197	1202	-1.0602
1197	1204	-0.63458
1198	450	-0.22883
1198	621	-0.51586
1198	1192	-0.073479
1198	1193	-0.77804
1198	1198	3.9607
1198	1200	-0.87979
1198	1201	-1.0158
1198	1205	-0.4689
1199	168	-0.96524
1199	169	-1.4119
1199	1189	-0.84942
1199	1196	-1.1147
1199	1199	4.379
1199	1202	-0.037694
1200	450	-0.14402
1200	630	-0.58307
1200	1194	-0.071268
1200	1195	-0.76459
1200	1198	-0.87979
1200	1200	4.0001
1200	1203	-1.0331
1200	1205	-0.52425
1201	621	-0.99549
1201	622	-1.2367
1201	1192	-1.1956
1201	1198	-1.0158
1201	1201	4.4436
1202	169	-1.4038
1202	170	-0.71694
1202	1188	-0.64224
1202	1196	-0.27168
1202	1197	-1.0602
1202	1199	-0.037694
1202	1202	4.1325
1203	450	-0.98667
1203	451	-1.26
1203	1194	-1.1842
1203	1200	-1.0331
1203	1203	4.464
1204	617	-0.34754
1204	618	-0.76278
1204	626	-0.50848
1204	627	-0.97253
1204	1196	-0.57955
1204	1197	-0.63458
1204	1204	3.8055
1205	620	-0.90895
1205	621	-0.52733
1205	629	-0.86092
1205	630	-0.44682
1205	1198	-0.4689
1205	1200	-0.52425
1205	1205	3.7372
1206	304	-0.9553
1206	305	-0.57185
1206	633	-0.9568
1206	634	-0.63326
1206	1206	3.9555
1206	1211	-0.83827
1207	310	-0.55513
1207	311	-0.98204
1207	624	-0.93704
1207	625	-0.64401
1207	1207	3.9554
1207	1215	-0.8372
1208	585	-0.9384
1208	586	-0.57272
1208	640	-0.60413
1208	641	-0.99087
1208	1208	3.9589
1208	1210	-0.85277
1209	591	-0.56329
1209	592	-0.96313
1209	631	-0.61963
1209	632	-0.96875
1209	1209	3.9573
1209	1213	-0.84251
1210	586	-0.61517
1210	640	-0.19993
1210	1208	-0.85277
1210	1210	4.1615
1210	1214	-1.2189
1210	1218	-0.074716
1210	1224	-1.2
1211	305	-0.63458
1211	634	-0.19359
1211	1206	-0.83827
1211	1211	4.1684
1211	1212	-1.1956
1211	1221	-0.071674
1211	1222	-1.2347
1212	305	-1.3203
1212	306	-1.6608
1212	1211	-1.1956
1212	1212	4.8982
1212	1221	-0.72148
1213	591	-0.61843
1213	631	-0.20303
1213	1209	-0.84251
1213	1213	4.1666
1213	1217	-1.2124
1213	1220	-0.067771
1213	1225	-1.2225
1214	586	-1.3653
1214	587	-1.6428
1214	1210	-1.2189
1214	1214	4.9305
1214	1218	-0.70361
1215	310	-0.62496
1215	625	-0.19577
1215	1207	-0.8372
1215	1215	4.1757
1215	1216	-1.2025
1215	1219	-0.06604
1215	1223	-1.2492
1216	309	-1.5659
1216	310	-1.3432
1216	1215	-1.2025
1216	1216	4.8592
1216	1219	-0.74747
1217	590	-1.5986
1217	591	-1.344
1217	1213	-1.2124
1217	1217	4.8824
1217	1220	-0.7274
1218	587	-1.4988
1218	588	-0.17908
1218	639	-0.33379
1218	1210	-0.074716
1218	1214	-0.70361
1218	1218	4.8271
1218	1224	-1.0228
1218	1229	-1.0144
1219	308	-0.16059
1219	309	-1.4735
1219	626	-0.36769
1219	1215	-0.06604
1219	1216	-0.74747
1219	1219	4.8334
1219	1223	-0.96197
1219	1226	-1.0561
1220	589	-0.17302
1220	590	-1.4597
1220	630	-0.34764
1220	1213	-0.067771
1220	1217	-0.7274
1220	1220	4.8135
1220	1225	-0.99328
1220	1228	-1.0447
1221	306	-1.4724
1221	307	-0.17994
1221	635	-0.36297
1221	1211	-0.071674
1221	1212	-0.72148
1221	1221	4.8201
1221	1222	-0.98145
1221	1227	-1.0302
1222	634	-1.2642
1222	635	-1.106
1222	1211	-1.2347
1222	1221	-0.98145
1222	1222	4.5864
1223	625	-1.2422
1223	626	-1.1247
1223	1215	-1.2492
1223	1219	-0.96197
1223	1223	4.578
1224	639	-1.0847
1224	640	-1.2999
1224	1210	-1.2
1224	1218	-1.0228
1224	1224	4.6074
1225	630	-1.1012
1225	631	-1.2676
1225	1213	-1.2225
1225	1220	-0.99328
1225	1225	4.5846
1226	308	-0.27144
1226	626	-0.51668
1226	627	-0.68307
1226	1219	-1.0561
1226	1226	3.7776
1226	1230	-0.70152
1226	1234	-0.54876
1227	307	-0.29794
1227	635	-0.52508
1227	636	-0.67778
1227	1221	-1.0302
1227	1227	3.7587
1227	1231	-0.69457
1227	1234	-0.53305
1228	589	-0.26891
1228	629	-0.6519
1228	630	-0.53464
1228	1220	-1.0447
1228	1228	3.7658
1228	1232	-0.70057
1228	1235	-0.56506
1229	588	-0.30829
1229	638	-0.63184
1229	639	-0.54773
1229	1218	-1.0144
1229	1229	3.7405
1229	1233	-0.69378
1229	1235	-0.54447
1230	627	-0.57584
1230	628	-0.58151
1230	1226	-0.70152
1230	1230	3.5495
1230	1232	-0.51646
1230	1234	-0.41641
1230	1236	-0.75778
1231	636	-0.56191
1231	637	-0.57135
1231	1227	-0.69457
1231	1231	3.5276
1231	1233	-0.5653
1231	1234	-0.46041
1231	1236	-0.67405
1232	628	-0.55837
1232	629	-0.59304
1232	1228	-0.70057
1232	1230	-0.51646
1232	1232	3.5507
1232	1235	-0.41326
1232	1236	-0.76901
1233	637	-0.53554
1233	638	-0.58561
1233	1229	-0.69378
1233	1231	-0.5653
1233	1233	3.5261
1233	1235	-0.46502
1233	1236	-0.68084
1234	307	-0.52702
1234	308	-0.55683
1234	1226	-0.54876
1234	1227	-0.53305
1234	1230	-0.41641
1234	1231	-0.46041
1234	1234	3.4021
1234	1236	-0.35962
1235	588	-0.51825
1235	589	-0.55235
1235	1228	-0.56506
1235	1229	-0.54447
1235	1232	-0.41326
1235	1233	-0.46502
1235	1235	3.4048
1235	1236	-0.34641
1236	1230	-0.75778
1236	1231	-0.67405
1236	1232	-0.76901
1236	1233	-0.68084
1236	1234	-0.35962
1236	1235	-0.34641
1236	1236	3.5877
1237	103	-0.94227
1237	104	-0.62508
1237	633	-0.98819
1237	634	-0.59044
1237	1237	3.9438
1237	1242	-0.79779
1238	384	-0.99732
1238	385	-0.56442
1238	640	-0.62065
1238	641	-0.94378
1238	1238	3.9487
1238	1245	-0.82258
1239	106	-0.61535
1239	107	-0.97276
1239	642	-0.96973
1239	643	-0.5941
1239	1239	3.9531
1239	1241	-0.80119
1240	387	-0.61953
1240	388	-0.9508
1240	649	-0.5614
1240	650	-0.99848
1240	1240	3.9512
1240	1247	-0.82097
1241	106	-0.5717
1241	643	-0.58538
1241	1239	-0.80119
1241	1241	3.9464
1241	1244	-1.1549
1241	1250	-0.19103
1241	1255	-0.64219
1242	104	-0.46232
1242	634	-0.57027
1242	1237	-0.79779
1242	1242	4.0597
1242	1243	-1.2859
1242	1249	-0.09394
1242	1252	-0.84947
1243	634	-1.3828
1243	635	-1.6209
1243	1242	-1.2859
1243	1243	4.966
1243	1249	-0.67631
1244	643	-1.461
1244	644	-1.5377
1244	1241	-1.1549
1244	1244	4.9135
1244	1250	-0.7599
1245	385	-0.61207
1245	640	-0.23949
1245	1238	-0.82258
1245	1245	4.1034
1245	1246	-1.1601
1245	1251	-0.07347
1245	1254	-1.1956
1246	385	-1.4476
1246	386	-1.5571
1246	1245	-1.1601
1246	1246	4.9429
1246	1251	-0.77805
1247	387	-0.24559
1247	649	-0.60811
1247	1240	-0.82097
1247	1247	4.1028
1247	1248	-1.1726
1247	1253	-0.071281
1247	1256	-1.1842
1248	648	-1.5759
1248	649	-1.3959
1248	1247	-1.1726
1248	1248	4.909
1248	1253	-0.76456
1249	635	-0.62451
1249	1242	-0.09394
1249	1243	-0.67631
1249	1249	3.9443
1249	1250	-0.58354
1249	1252	-1.1147
1249	1255	-0.27168
1249	1257	-0.57958
1250	644	-0.70116
1250	1241	-0.19103
1250	1244	-0.7599
1250	1249	-0.58354
1250	1250	3.9305
1250	1255	-1.0603
1250	1257	-0.63456
1251	386	-0.22885
1251	639	-0.51584
1251	1245	-0.07347
1251	1246	-0.77805
1251	1251	3.9607
1251	1253	-0.87977
1251	1254	-1.0159
1251	1258	-0.46889
1252	104	-0.9652
1252	105	-1.412
1252	1242	-0.84947
1252	1249	-1.1147
1252	1252	4.379
1252	1255	-0.037693
1253	386	-0.14402
1253	648	-0.58309
1253	1247	-0.071281
1253	1248	-0.76456
1253	1251	-0.87977
1253	1253	4.0001
1253	1256	-1.0331
1253	1258	-0.52427
1254	639	-0.99549
1254	640	-1.2366
1254	1245	-1.1956
1254	1251	-1.0159
1254	1254	4.4436
1255	105	-1.4038
1255	106	-0.71697
1255	1241	-0.64219
1255	1249	-0.27168
1255	1250	-1.0603
1255	1252	-0.037693
1255	1255	4.1326
1256	386	-0.98667
1256	387	-1.26
1256	1247	-1.1842
1256	1253	-1.0331
1256	1256	4.464
1257	635	-0.34753
1257	636	-0.76276
1257	644	-0.50851
1257	645	-0.97252
1257	1249	-0.57958
1257	1250	-0.63456
1257	1257	3.8055
1258	638	-0.90897
1258	639	-0.52736
1258	647	-0.8609
1258	648	-0.4468
1258	1251	-0.46889
1258	1253	-0.52427
1258	1258	3.7372
1259	296	-0.95533
1259	297	-0.57179
1259	651	-0.95689
1259	652	-0.63325
1259	1259	3.9555
1259	1264	-0.83825
1260	302	-0.55511
1260	303	-0.98204
1260	642	-0.93704
1260	643	-0.64398
1260	1260	3.9554
1260	1268	-0.83723
1261	577	-0.93837
1261	578	-0.57279
1261	658	-0.60413
1261	659	-0.99078
1261	1261	3.9589
1261	1263	-0.8528
1262	583	-0.56321
1262	584	-0.96315
1262	649	-0.6196
1262	650	-0.96883
1262	1262	3.9573
1262	1266	-0.84252
1263	578	-0.61516
1263	658	-0.1999
1263	1261	-0.8528
1263	1263	4.1615
1263	1267	-1.2189
1263	1271	-0.074734
1263	1277	-1.2
1264	297	-0.63458
1264	652	-0.19362
1264	1259	-0.83825
1264	1264	4.1684
1264	1265	-1.1956
1264	1274	-0.071664
1264	1275	-1.2347
1265	297	-1.3204
1265	298	-1.6608
1265	1264	-1.1956
1265	1265	4.8982
1265	1274	-0.72146
1266	583	-0.61843
1266	649	-0.20308
1266	1262	-0.84252
1266	1266	4.1666
1266	1270	-1.2123
1266	1273	-0.067749
1266	1278	-1.2225
1267	578	-1.3653
1267	579	-1.6429
1267	1263	-1.2189
1267	1267	4.9307
1267	1271	-0.70356
1268	302	-0.62494
1268	643	-0.19579
1268	1260	-0.83723
1268	1268	4.1757
1268	1269	-1.2026
1268	1272	-0.066012
1268	1276	-1.2492
1269	301	-1.5658
1269	302	-1.3432
1269	1268	-1.2026
1269	1269	4.8591
1269	1272	-0.74748
1270	582	-1.5985
1270	583	-1.344
1270	1266	-1.2123
1270	1270	4.8823
1270	1273	-0.72743
1271	579	-1.4988
1271	580	-0.17926
1271	657	-0.33386
1271	1263	-0.074734
1271	1267	-0.70356
1271	1271	4.827
1271	1277	-1.0227
1271	1282	-1.0141
1272	300	-0.16073
1272	301	-1.4735
1272	644	-0.36789
1272	1268	-0.066012
1272	1269	-0.74748
1272	1272	4.8333
1272	1276	-0.96194
1272	1279	-1.0558
1273	581	-0.17313
1273	582	-1.4596
1273	648	-0.34784
1273	1266	-0.067749
1273	1270	-0.72743
1273	1273	4.8134
1273	1278	-0.99325
1273	1281	-1.0444
1274	298	-1.4723
1274	299	-0.18009
1274	653	-0.36316
1274	1264	-0.071664
1274	1265	-0.72146
1274	1274	4.82
1274	1275	-0.98142
1274	1280	-1.0299
1275	652	-1.2642
1275	653	-1.106
1275	1264	-1.2347
1275	1274	-0.98142
1275	1275	4.5864
1276	643	-1.2422
1276	644	-1.1247
1276	1268	-1.2492
1276	1272	-0.96194
1276	1276	4.578
1277	657	-1.0847
1277	658	-1.2999
1277	1263	-1.2
1277	1271	-1.0227
1277	1277	4.6074
1278	648	-1.1012
1278	649	-1.2677
1278	1266	-1.2225
1278	1273	-0.99325
1278	1278	4.5846
1279	300	-0.27167
1279	644	-0.51655
1279	645	-0.68342
1279	1272	-1.0558
1279	1279	3.7774
1279	1283	-0.70122
1279	1288	-0.54875
1280	299	-0.29815
1280	653	-0.52499
1280	654	-0.67809
1280	1274	-1.0299
1280	1280	3.7585
1280	1284	-0.69434
1280	1288	-0.53303
1281	581	-0.26913
1281	647	-0.65208
1281	648	-0.53455
1281	1273	-1.0444
1281	1281	3.7656
1281	1285	-0.70047
1281	1287	-0.56496
1282	580	-0.30848
1282	656	-0.63194
1282	657	-0.5477
1282	1271	-1.0141
1282	1282	3.7404
1282	1286	-0.69377
1282	1287	-0.54435
1283	645	-0.5756
1283	646	-0.58163
1283	1279	-0.70122
1283	1283	3.5492
1283	1285	-0.51675
1283	1288	-0.41679
1283	1289	-0.75719
1284	654	-0.56174
1284	655	-0.57151
1284	1280	-0.69434
1284	1284	3.5273
1284	1286	-0.56552
1284	1288	-0.46085
1284	1289	-0.67338
1285	646	-0.55834
1285	647	-0.59299
1285	1281	-0.70047
1285	1283	-0.51675
1285	1285	3.5504
1285	1287	-0.41347
1285	1289	-0.76837
1286	655	-0.53555
1286	656	-0.58568
1286	1282	-0.69377
1286	1284	-0.56552
1286	1286	3.5259
1286	1287	-0.46532
1286	1289	-0.68001
1287	580	-0.5174
1287	581	-0.55146
1287	1281	-0.56496
1287	1282	-0.54435
1287	1285	-0.41347
1287	1286	-0.46532
1287	1287	3.4045
1287	1289	-0.34749
1288	299	-0.5261
1288	300	-0.55587
1288	1279	-0.54875
1288	1280	-0.53303
1288	1283	-0.41679
1288	1284	-0.46085
1288	1288	3.4018
1288	1289	-0.36038
1289	1283	-0.75719
1289	1284	-0.67338
1289	1285	-0.76837
1289	1286	-0.68001
1289	1287	-0.34749
1289	1288	-0.36038
1289	1289	3.5868
1290	39	-0.94225
1290	40	-0.62514
1290	651	-0.9881
1290	652	-0.59038
1290	1290	3.9437
1290	1295	-0.79786
1291	320	-0.9973
1291	321	-0.56445
1291	658	-0.62056
1291	659	-0.9437
1291	1291	3.9487
1291	1298	-0.82268
1292	42	-0.61528
1292	43	-0.97278
1292	660	-0.96982
1292	661	-0.59416
1292	1292	3.9532
1292	1294	-0.80112
1293	323	-0.61951
1293	324	-0.9508
1293	667	-0.56137
1293	668	-0.99848
1293	1293	3.9512
1293	1300	-0.82102
1294	42	-0.57174
1294	661	-0.58534
1294	1292	-0.80112
1294	1294	3.9464
1294	1297	-1.1549
1294	1303	-0.19106
1294	1308	-0.64222
1295	40	-0.46229
1295	652	-0.57031
1295	1290	-0.79786
1295	1295	4.0597
1295	1296	-1.2859
1295	1302	-0.093931
1295	1305	-0.84942
1296	652	-1.3828
1296	653	-1.6209
1296	1295	-1.2859
1296	1296	4.966
1296	1302	-0.67632
1297	661	-1.4611
1297	662	-1.5378
1297	1294	-1.1549
1297	1297	4.9136
1297	1303	-0.75984
1298	321	-0.612
1298	658	-0.23954
1298	1291	-0.82268
1298	1298	4.1034
1298	1299	-1.1601
1298	1304	-0.073458
1298	1307	-1.1956
1299	321	-1.4477
1299	322	-1.557
1299	1298	-1.1601
1299	1299	4.9429
1299	1304	-0.77806
1300	323	-0.24562
1300	667	-0.60815
1300	1293	-0.82102
1300	1300	4.1028
1300	1301	-1.1727
1300	1306	-0.07122
1300	1309	-1.1841
1301	666	-1.5757
1301	667	-1.3957
1301	1300	-1.1727
1301	1301	4.9088
1301	1306	-0.76467
1302	653	-0.62451
1302	1295	-0.093931
1302	1296	-0.67632
1302	1302	3.9443
1302	1303	-0.58356
1302	1305	-1.1147
1302	1308	-0.27166
1302	1310	-0.57957
1303	662	-0.70115
1303	1294	-0.19106
1303	1297	-0.75984
1303	1302	-0.58356
1303	1303	3.9304
1303	1308	-1.0602
1303	1310	-0.63457
1304	322	-0.22881
1304	657	-0.51594
1304	1298	-0.073458
1304	1299	-0.77806
1304	1304	3.9608
1304	1306	-0.87975
1304	1307	-1.0159
1304	1311	-0.46886
1305	40	-0.96519
1305	41	-1.412
1305	1295	-0.84942
1305	1302	-1.1147
1305	1305	4.379
1305	1308	-0.037709
1306	322	-0.14406
1306	666	-0.58304
1306	1300	-0.07122
1306	1301	-0.76467
1306	1304	-0.87975
1306	1306	4.0001
1306	1309	-1.0331
1306	1311	-0.52424
1307	657	-0.99546
1307	658	-1.2367
1307	1298	-1.1956
1307	1304	-1.0159
1307	1307	4.4436
1308	41	-1.4038
1308	42	-0.71695
1308	1294	-0.64222
1308	1302	-0.27166
1308	1303	-1.0602
1308	1305	-0.037709
1308	1308	4.1326
1309	322	-0.9867
1309	323	-1.26
1309	1300	-1.1841
1309	1306	-1.0331
1309	1309	4.464
1310	653	-0.34753
1310	654	-0.76276
1310	662	-0.50851
1310	663	-0.97252
1310	1302	-0.57957
1310	1303	-0.63457
1310	1310	3.8055
1311	656	-0.90899
1311	657	-0.52731
1311	665	-0.86096
1311	666	-0.44682
1311	1304	-0.46886
1311	1306	-0.52424
1311	1311	3.7372
1312	294	-0.56375
1312	295	-1.0353
1312	660	-0.94132
1312	661	-0.58468
1312	1312	3.9598
1312	1314	-0.83475
1313	575	-0.58136
1313	576	-1.0098
1313	667	-0.57677
1313	668	-0.96684
1313	1313	3.9565
1313	1316	-0.82174
1314	294	-0.28055
1314	661	-0.59074
1314	1312	-0.83475
1314	1314	4.132
1314	1315	-1.2482
1314	1318	-0.054676
1314	1320	-1.123
1315	661	-1.4093
1315	662	-1.6273
1315	1314	-1.2482
1315	1315	4.9729
1315	1318	-0.68809
1316	575	-0.28472
1316	667	-0.59242
1316	1313	-0.82174
1316	1316	4.1469
1316	1317	-1.2491
1316	1319	-0.043838
1316	1321	-1.1551
1317	666	-1.5985
1317	667	-1.3747
1317	1316	-1.2491
1317	1317	4.9294
1317	1319	-0.70715
1318	293	-0.4489
1318	662	-0.58511
1318	1314	-0.054676
1318	1315	-0.68809
1318	1318	3.9853
1318	1320	-1.1172
1318	1322	-0.56255
1318	1325	-0.52878
1319	574	-0.47521
1319	666	-0.5381
1319	1316	-0.043838
1319	1317	-0.70715
1319	1319	3.9592
1319	1321	-1.0804
1319	1323	-0.5717
1319	1324	-0.54281
1320	293	-0.92951
1320	294	-1.4332
1320	1314	-1.123
1320	1318	-1.1172
1320	1320	4.603
1321	574	-0.94608
1321	575	-1.3934
1321	1316	-1.1551
1321	1319	-1.0804
1321	1321	4.575
1322	662	-0.62151
1322	663	-1.1311
1322	1318	-0.56255
1322	1322	3.9163
1322	1325	-0.94503
1322	1326	-0.65615
1323	665	-1.0872
1323	666	-0.63068
1323	1319	-0.5717
1323	1323	3.8987
1323	1324	-0.92193
1323	1327	-0.68721
1324	573	-0.62123
1324	574	-0.57681
1324	1319	-0.54281
1324	1323	-0.92193
1324	1324	3.7786
1324	1327	-0.22112
1324	1328	-0.89466
1325	292	-0.58314
